205,92,92
240,128,128
250,128,114
233,150,122
255,160,122
220,20,60
255,0,0
178,34,34
139,0,0
255,192,203
255,182,193
255,105,180
255,20,147
199,21,133
219,112,147
255,127,80
255,99,71
255,69,0
255,140,0
255,165,0
255,215,0
255,255,0
255,255,224
255,250,205
250,250,210
255,239,213
255,228,181
255,218,185
238,232,170
240,230,140
189,183,107
230,230,250
216,191,216
221,160,221
238,130,238
218,112,214
255,0,255
255,0,255
186,85,211
147,112,219
138,43,226
148,0,211
153,50,204
139,0,139
128,0,128
102,51,153
75,0,130
123,104,238
106,90,205
72,61,139
173,255,47
127,255,0
124,252,0
0,255,0
50,205,50
152,251,152
144,238,144
0,250,154
0,255,127
60,179,113
46,139,87
34,139,34
0,128,0
0,100,0
154,205,50
107,142,35
128,128,0
85,107,47
102,205,170
143,188,143
32,178,170
0,139,139
0,128,128
0,255,255
0,255,255
224,255,255
175,238,238
127,255,212
64,224,208
72,209,204
0,206,209
95,158,160
70,130,180
176,196,222
176,224,230
173,216,230
135,206,235
135,206,250
0,191,255
30,144,255
100,149,237
65,105,225
0,0,255
0,0,205
0,0,139
0,0,128
25,25,112
255,248,220
255,235,205
255,228,196
255,222,173
245,222,179
222,184,135
210,180,140
188,143,143
244,164,96
218,165,32
184,134,11
205,133,63
210,105,30
139,69,19
160,82,45
165,42,42
128,0,0
255,255,255
255,250,250
240,255,240
245,255,250
240,255,255
240,248,255
248,248,255
245,245,245
255,245,238
245,245,220
253,245,230
255,250,240
255,255,240
250,235,215
250,240,230
255,240,245
255,228,225
220,220,220
211,211,211
211,211,211
192,192,192
169,169,169
169,169,169
128,128,128
128,128,128
105,105,105
105,105,105
119,136,153
119,136,153
112,128,144
112,128,144
47,79,79
47,79,79
0,0,0